1403638523.927829504 0.00550 -0.04678 0.09654 0.83095 0.03258 0.55473 -0.02705 
1403638524.027829409 0.00005 -0.04849 0.07183 0.83236 0.04022 0.55248 -0.01822 
1403638524.127829552 -0.00361 -0.05088 0.08385 0.83667 0.04818 0.54538 -0.01500 
1403638524.227829456 -0.00433 -0.04992 0.11316 0.83979 0.05122 0.54012 -0.02017 
1403638524.327829599 -0.00095 -0.04956 0.16207 0.83858 0.05104 0.54163 -0.02852 
1403638524.427829504 0.00506 -0.04904 0.22034 0.83387 0.04882 0.54853 -0.03723 
1403638524.527829409 0.01219 -0.04784 0.28110 0.82572 0.04798 0.56044 -0.04239 
1403638524.627829552 0.02060 -0.04534 0.33911 0.81777 0.04423 0.57226 -0.04259 
1403638524.727829456 0.02823 -0.04150 0.38698 0.81282 0.03884 0.58027 -0.03326 
1403638524.827829599 0.03380 -0.03767 0.42023 0.81017 0.03381 0.58486 -0.02083 
1403638525.027829409 0.03917 -0.03202 0.43809 0.80668 0.03764 0.58903 -0.02987 
1403638525.327829599 0.04060 -0.03173 0.32188 0.81022 0.05179 0.58327 -0.02578 
1403638525.427829504 0.03745 -0.03144 0.26869 0.82140 0.05538 0.56680 -0.03116 
1403638525.527829409 0.03144 -0.02990 0.21804 0.83279 0.05613 0.54927 -0.04026 
1403638525.627829552 0.03092 -0.03137 0.17415 0.83867 0.05465 0.54009 -0.04416 
1403638525.727829456 0.03184 -0.03254 0.13836 0.83921 0.05061 0.53974 -0.04296 
1403638525.827829599 0.02942 -0.03528 0.11206 0.83623 0.04483 0.54517 -0.03877 
1403638525.927829504 0.02676 -0.03992 0.09695 0.83309 0.04238 0.55067 -0.03030 
1403638526.027829409 0.02329 -0.05382 0.09235 0.83329 0.04225 0.55068 -0.02432 
1403638526.127829552 0.02038 -0.07879 0.09538 0.83586 0.03611 0.54732 -0.02180 
1403638526.227829456 0.01655 -0.11232 0.10623 0.83689 0.02684 0.54635 -0.01976 
1403638526.327829599 0.01142 -0.15104 0.12080 0.83410 0.01843 0.55105 -0.01687 
1403638526.427829504 0.00422 -0.19495 0.13470 0.82932 0.00894 0.55851 -0.01462 
1403638526.527829409 -0.00426 -0.24394 0.14523 0.82426 -0.00255 0.56603 -0.01410 
1403638526.627829552 -0.01505 -0.29977 0.15333 0.81859 -0.01236 0.57413 -0.01164 
1403638526.727829456 -0.02761 -0.36290 0.15927 0.81451 -0.01953 0.57979 -0.00645 
1403638526.827829599 -0.04239 -0.42848 0.16339 0.81233 -0.02336 0.58271 0.00422 
1403638526.927829504 -0.05865 -0.49189 0.16583 0.81352 -0.02751 0.58082 0.00889 
1403638527.027829409 -0.07321 -0.55249 0.16789 0.81788 -0.03732 0.57398 0.01486 
1403638527.127829552 -0.08533 -0.60816 0.17123 0.82152 -0.05230 0.56731 0.02299 
1403638527.227829456 -0.09362 -0.65495 0.17633 0.82093 -0.06704 0.56619 0.03173 
1403638527.327829599 -0.09639 -0.68728 0.18209 0.81642 -0.07870 0.57019 0.04635 
1403638527.427829504 -0.09485 -0.69960 0.18603 0.81161 -0.08516 0.57479 0.06046 
1403638527.827829599 -0.04540 -0.56596 0.18658 0.81298 -0.07497 0.57485 0.05471 
1403638527.927829504 -0.02570 -0.50839 0.18959 0.81557 -0.07030 0.57296 0.04038 
1403638528.027829409 -0.00716 -0.44953 0.19138 0.81491 -0.06426 0.57498 0.03445 
1403638528.127829552 0.00965 -0.39144 0.19135 0.81419 -0.05612 0.57731 0.02549 
1403638528.227829456 0.02815 -0.33838 0.18868 0.81548 -0.04653 0.57672 0.01471 
1403638528.327829599 0.05509 -0.29428 0.18346 0.81640 -0.03614 0.57634 0.00369 
1403638528.427829504 0.08637 -0.26226 0.17876 0.81502 -0.03095 0.57860 0.00221 
1403638528.727829456 0.19189 -0.20958 0.17100 0.81812 -0.04445 0.57329 0.00605 
1403638529.027829409 0.21383 -0.18505 0.19947 0.81704 -0.06311 0.57310 -0.00323 
1403638529.227829456 0.16308 -0.14664 0.21615 0.81928 -0.05287 0.57046 0.02342 
1403638529.327829599 0.12860 -0.12268 0.21008 0.82259 -0.04803 0.56572 0.03145 
1403638529.427829504 0.09064 -0.11078 0.19112 0.83029 -0.04409 0.55461 0.03282 
1403638529.527829409 0.06252 -0.09497 0.16723 0.84157 -0.04230 0.53770 0.02902 
1403638529.627829552 0.03970 -0.08688 0.14318 0.84902 -0.03875 0.52610 0.02969 
1403638529.727829456 0.02605 -0.07637 0.11936 0.84912 -0.03667 0.52609 0.02950 
1403638529.827829599 0.01685 -0.06679 0.09771 0.84314 -0.03727 0.53567 0.02804 
1403638529.927829504 0.01276 -0.05972 0.07964 0.83825 -0.03753 0.54328 0.02781 
1403638530.127829552 0.02929 -0.05662 0.05663 0.84017 -0.03996 0.54010 0.02842 
1403638530.227829456 0.04356 -0.05784 0.04671 0.84069 -0.04574 0.53872 0.03058 
1403638530.327829599 0.05775 -0.06064 0.03668 0.84000 -0.05167 0.53919 0.03166 
1403638530.427829504 0.07045 -0.06463 0.02813 0.83944 -0.05569 0.53945 0.03502 
1403638530.527829409 0.08035 -0.06857 0.02181 0.83928 -0.05959 0.53943 0.03269 
1403638530.627829552 0.08622 -0.07282 0.01652 0.84053 -0.06209 0.53710 0.03437 
1403638530.727829456 0.08992 -0.07556 0.01078 0.84439 -0.06430 0.53073 0.03463 
1403638530.827829599 0.09264 -0.07762 0.00509 0.84647 -0.06494 0.52733 0.03463 
1403638531.127829552 0.09494 -0.07700 -0.00133 0.83942 -0.06268 0.53884 0.03322 
1403638538.827829599 0.12993 -0.09284 0.01507 0.83422 -0.06111 0.54662 0.03938 
1403638538.927829504 0.13277 -0.09262 0.01649 0.83142 -0.06031 0.55096 0.03929 
1403638539.027829409 0.13711 -0.09261 0.01923 0.82677 -0.06102 0.55776 0.04050 
1403638539.127829552 0.14373 -0.09289 0.02462 0.82012 -0.06240 0.56734 0.04040 
1403638539.227829456 0.15317 -0.09313 0.03572 0.81536 -0.06172 0.57426 0.04012 
1403638539.327829599 0.16227 -0.09332 0.05483 0.81439 -0.06138 0.57569 0.03969 
1403638539.927829504 0.22370 -0.09691 0.18667 0.82479 -0.05536 0.56156 0.03630 
1403638540.027829409 0.24087 -0.09731 0.19367 0.83020 -0.05594 0.55355 0.03500 
1403638540.427829504 0.36729 -0.10261 0.22617 0.82523 -0.04942 0.56153 0.03516 
1403638540.527829409 0.41128 -0.10295 0.23135 0.82484 -0.04085 0.56310 0.02973 
1403638540.627829552 0.45949 -0.10205 0.23580 0.82513 -0.02693 0.56391 0.02102 
1403638540.727829456 0.50868 -0.09948 0.24180 0.82442 -0.00551 0.56577 0.01401 
1403638540.827829599 0.55824 -0.09369 0.24772 0.82391 0.02084 0.56632 0.00513 
1403638540.927829504 0.60947 -0.08349 0.25255 0.82303 0.04894 0.56584 -0.00655 
1403638541.027829409 0.66109 -0.06940 0.25438 0.82137 0.07152 0.56549 -0.02149 
1403638541.127829552 0.67605 -0.07066 0.28829 0.81911 0.08790 0.56586 -0.03381 
1403638541.227829456 0.72956 -0.04834 0.28299 0.81825 0.09883 0.56479 -0.04137 
1403638541.427829504 0.83590 0.00973 0.28341 0.81773 0.10588 0.56376 -0.04778 
1403638541.627829552 0.94315 0.08756 0.30790 0.81500 0.10892 0.56713 -0.04767 
1403638541.727829456 0.99766 0.13627 0.33053 0.81319 0.11322 0.56824 -0.05483 
1403638541.827829599 1.05167 0.19053 0.36357 0.81219 0.11960 0.56704 -0.06714 
1403638541.927829504 1.10190 0.24703 0.39591 0.81114 0.13115 0.56445 -0.07901 
1403638542.027829409 1.15044 0.30466 0.42214 0.80946 0.14680 0.56099 -0.09223 
1403638542.127829552 1.19875 0.36410 0.44229 0.80665 0.16591 0.55732 -0.10574 
1403638542.227829456 1.24452 0.42503 0.45731 0.80283 0.18683 0.55291 -0.12187 
1403638542.327829599 1.28817 0.48559 0.46765 0.79771 0.21042 0.54840 -0.13656 
1403638542.427829504 1.33140 0.54646 0.47521 0.78646 0.23108 0.55362 -0.14696 
1403638542.527829409 1.37680 0.61043 0.47979 0.77301 0.25035 0.56385 -0.14782 
1403638542.627829552 1.41641 0.67620 0.48448 0.76467 0.26505 0.56914 -0.14531 
1403638542.727829456 1.44835 0.74542 0.49375 0.76504 0.26936 0.56551 -0.14950 
1403638542.827829599 1.50529 0.86177 0.47213 0.76958 0.26655 0.55802 -0.15908 
1403638543.027829409 1.54014 1.01293 0.52210 0.77926 0.26019 0.54479 -0.16808 
1403638543.327829599 1.58477 1.24600 0.58426 0.78330 0.25274 0.54218 -0.16912 
1403638543.527829409 1.61288 1.40545 0.60267 0.78161 0.26127 0.53900 -0.17410 
1403638543.627829552 1.62752 1.48768 0.60727 0.77720 0.27673 0.53597 -0.17923 
1403638543.727829456 1.64208 1.57521 0.61075 0.77043 0.29599 0.53230 -0.18839 
1403638543.827829599 1.65545 1.66362 0.61858 0.76077 0.31887 0.52947 -0.19802 
1403638543.927829504 1.66738 1.75163 0.63468 0.75142 0.33938 0.52454 -0.21222 
1403638544.027829409 1.67874 1.84409 0.65748 0.74506 0.35359 0.51814 -0.22668 
1403638544.127829552 1.68965 1.93302 0.68149 0.74166 0.36276 0.51144 -0.23830 
1403638544.227829456 1.70249 2.02341 0.70201 0.73889 0.36702 0.50792 -0.24770 
1403638544.327829599 1.71674 2.11495 0.71526 0.73726 0.37006 0.50601 -0.25192 
1403638544.627829552 1.76767 2.39041 0.73844 0.73186 0.37069 0.51112 -0.25636 
1403638544.727829456 1.78577 2.48505 0.75539 0.72743 0.37068 0.51571 -0.25977 
1403638544.927829504 1.82161 2.66832 0.78269 0.73222 0.37399 0.50761 -0.25751 
1403638545.127829552 1.85714 2.84801 0.78974 0.73064 0.37439 0.50846 -0.25972 
1403638545.427829504 1.91327 3.11712 0.75944 0.72795 0.37569 0.51077 -0.26090 
1403638545.627829552 1.94496 3.28670 0.73451 0.72317 0.38818 0.50279 -0.27118 
1403638545.727829456 1.96138 3.37380 0.73284 0.71704 0.40239 0.49582 -0.27945 
1403638545.827829599 1.97747 3.46434 0.73804 0.70676 0.42083 0.48944 -0.28955 
1403638545.927829504 1.99238 3.55590 0.74975 0.69531 0.44203 0.48093 -0.29976 
